{
 "cells": [
  {
   "cell_type": "code",
   "execution_count": 110,
   "metadata": {},
   "outputs": [],
   "source": [
    "import gensim\n",
    "import json\n",
    "import operator\n",
    "import collections\n",
    "\n",
    "def sort_dict(dictionary, by_value=False, reverse=False):\n",
    "    index = 1 if by_value else 0\n",
    "    sorted_list = sorted(dictionary.items(), key=lambda kv: kv[index], reverse=reverse)\n",
    "    sorted_dict = collections.OrderedDict(sorted_list)\n",
    "    return sorted_dict\n",
    "\n",
    "import string\n",
    "import nltk\n",
    "import re\n",
    "from nltk.tokenize import word_tokenize\n",
    "from nltk.corpus import stopwords\n",
    "from nltk.stem import WordNetLemmatizer\n",
    "from nltk.stem import PorterStemmer\n",
    "from urlextract import URLExtract\n",
    "stemmer = PorterStemmer()\n",
    "lemmatizer = WordNetLemmatizer()\n",
    "extractor = URLExtract()\n",
    "\n",
    "def clean_text(text, lemmatize=False, stem=False):\n",
    "    # lower case\n",
    "    text = text.lower()\n",
    "\n",
    "    # removes URLs\n",
    "    urls = set(extractor.find_urls(text))\n",
    "    text = ' '.join([t for t in text.split(' ') if t not in urls])\n",
    "\n",
    "    # remove numbers\n",
    "    text = re.sub(r'\\d+', '', text)\n",
    "\n",
    "    # remove punctuations\n",
    "    for p in \"=$“”%.,!?:;\\\"'_-~|&[]#*()’<>/\\\\\":\n",
    "        text = text.replace(p,' ')\n",
    "\n",
    "    # remove '\\n', '\\t'\n",
    "    text = text.replace('\\n', '')\n",
    "    text = text.replace('\\t', '')\n",
    "    text = ' '.join(text.split())\n",
    "    text_tokens = word_tokenize(text)\n",
    "    stop_words = set(stopwords.words('english'))\n",
    "\n",
    "    tokens = [i for i in text_tokens if i not in stop_words]\n",
    "\n",
    "    # lemmatize tokens\n",
    "    if lemmatize:\n",
    "        tokens = [lemmatizer.lemmatize(i) for i in tokens]\n",
    "\n",
    "    # stemming tokens\n",
    "    if stem:\n",
    "        tokens = [stemmer.stem(i) for i in tokens]\n",
    "\n",
    "    tokens = [i for i in tokens if i not in stop_words]\n",
    "    return text, tokens\n",
    "\n",
    "def pland_clean(tokens):\n",
    "    custom = [\"www\", \"http\", \"le\", \"https\", \"com\", \"said\", \"would\", \"people\", \"u\", \"like\", \"r\"]\n",
    "    custom += [\"thing\", \"think\", \"one\", \"know\", \"say\", \"well\", \"deleted\", \"really\", \"reddit\"]\n",
    "    custom += [\"comment\", \"please\", \"yes\", \"going\", \"get\", \"yeah\", \"read\", \"link\", \"also\", \"could\"]\n",
    "    custom += [\"getting\", \"got\", \"ok\", \"lol\", \"exactly\", \"oh\", \"gon\", \"na\", \"want\", \"make\", \"take\", \"removed\"]\n",
    "    custom += [\"someone\", \"anything\", \"someone\", \"im\", \"many\", \"even\", \"much\", \"anyone\", \"way\", \"go\"]\n",
    "    custom += [\"saying\",\"something\",\"anywhere\", \"actually\", \"guy\", \"kid\", \"point\", \"see\", \"country\"]\n",
    "    custom += [\"talking\", \"nothing\", \"year\", \"let\", \"every\", \"any\", \"mean\", \"keep\", \"never\", \"meeting\"]\n",
    "    custom += [\"maybe\", \"news\", \"lot\", \"en\"]\n",
    "    custom = set(custom)\n",
    "    tokens = [i for i in tokens if i not in custom]\n",
    "    return tokens\n",
    "\n",
    "def first(sorted_dict):\n",
    "    return next(iter(sorted_dict))"
   ]
  },
  {
   "cell_type": "code",
   "execution_count": 111,
   "metadata": {},
   "outputs": [],
   "source": [
    "with open('./data/final_indico.json') as pland_file:\n",
    "    pland = json.load(pland_file)\n",
    "\n",
    "post_replies = list()\n",
    "comment_queue = list()\n",
    "# comment_queue.append('t3_87vnah')\n",
    "for post in pland['posts']:\n",
    "    comment_queue.append(post['fullname'])\n",
    "while comment_queue:\n",
    "    comment_fullname = comment_queue.pop(0)\n",
    "    post_replies.append(comment_fullname)\n",
    "    \n",
    "    for reply_fn in pland['comments'][comment_fullname]['replies']:\n",
    "        comment_queue.append(reply_fn)"
   ]
  },
  {
   "cell_type": "code",
   "execution_count": 112,
   "metadata": {},
   "outputs": [],
   "source": [
    "comp_tokens = list()\n",
    "for fn in post_replies:\n",
    "    comp = pland['comments'][fn]['body']\n",
    "    cleaned, tokens = clean_text(comp, lemmatize=True, stem=False)\n",
    "    tokens = pland_clean(tokens)\n",
    "    comp_tokens.append(tokens)"
   ]
  },
  {
   "cell_type": "code",
   "execution_count": 113,
   "metadata": {},
   "outputs": [],
   "source": [
    "# generate dictionary and corpus\n",
    "from gensim import corpora\n",
    "# dictionary = corpora.Dictionary(comp_tokens)\n",
    "# corpus = [dictionary.doc2bow(token) for token in comp_tokens]\n",
    "\n",
    "# # remove tokens that only appeared once and more than \n",
    "# updated_comp_tokens = list()\n",
    "# lower = 1\n",
    "# upper = 2800\n",
    "# min_token_len = 10\n",
    "# outliers = set([dictionary[k] for k in dictionary.dfs if dictionary.dfs[k] <= lower or dictionary.dfs[k] >= upper])\n",
    "# for tokens in comp_tokens:\n",
    "#     if len(tokens) < min_token_len:\n",
    "#         continue\n",
    "#     tokens = [token for token in tokens if token not in outliers]\n",
    "#     updated_comp_tokens.append(tokens)\n",
    "\n",
    "# dictionary = corpora.Dictionary(updated_comp_tokens)\n",
    "# corpus = [dictionary.doc2bow(token) for token in updated_comp_tokens]\n",
    "\n",
    "import pickle\n",
    "# pickle.dump(corpus, open('corpus.pkl', 'wb'))\n",
    "# dictionary.save('dictionary.gensim')"
   ]
  },
  {
   "cell_type": "code",
   "execution_count": 114,
   "metadata": {},
   "outputs": [],
   "source": [
    "lda = gensim.models.ldamodel.LdaModel.load('model8_0.gensim')"
   ]
  },
  {
   "cell_type": "code",
   "execution_count": 115,
   "metadata": {},
   "outputs": [
    {
     "name": "stdout",
     "output_type": "stream",
     "text": [
      "(0, '0.018*\"amendment\" + 0.009*\"state\" + 0.009*\"second\" + 0.008*\"militia\" + 0.007*\"government\" + 0.007*\"constitution\"')\n",
      "(1, '0.015*\"nra\" + 0.007*\"control\" + 0.007*\"democrat\" + 0.006*\"owner\" + 0.006*\"support\" + 0.006*\"republican\"')\n",
      "(2, '0.010*\"police\" + 0.006*\"fbi\" + 0.005*\"good\" + 0.005*\"job\" + 0.005*\"person\" + 0.005*\"stop\"')\n",
      "(3, '0.014*\"mental\" + 0.011*\"problem\" + 0.011*\"health\" + 0.008*\"issue\" + 0.008*\"mass\" + 0.007*\"still\"')\n",
      "(4, '0.013*\"government\" + 0.007*\"free\" + 0.005*\"life\" + 0.005*\"problem\" + 0.005*\"freedom\" + 0.004*\"society\"')\n",
      "(5, '0.013*\"firearm\" + 0.009*\"check\" + 0.008*\"crime\" + 0.007*\"background\" + 0.007*\"source\" + 0.007*\"violence\"')\n",
      "(6, '0.027*\"rifle\" + 0.023*\"weapon\" + 0.019*\"ar\" + 0.016*\"assault\" + 0.013*\"semi\" + 0.012*\"automatic\"')\n",
      "(7, '0.018*\"trump\" + 0.008*\"shit\" + 0.007*\"woman\" + 0.005*\"fucking\" + 0.005*\"post\" + 0.005*\"bad\"')\n"
     ]
    }
   ],
   "source": [
    "topics = lda.print_topics(num_words=6)\n",
    "for topic in topics:\n",
    "    print(topic)"
   ]
  },
  {
   "cell_type": "code",
   "execution_count": 136,
   "metadata": {},
   "outputs": [
    {
     "data": {
      "text/plain": [
       "18859"
      ]
     },
     "execution_count": 136,
     "metadata": {},
     "output_type": "execute_result"
    }
   ],
   "source": [
    "len(dictionary)"
   ]
  },
  {
   "cell_type": "code",
   "execution_count": 139,
   "metadata": {
    "scrolled": true
   },
   "outputs": [],
   "source": [
    "# Generate the graph\n",
    "dictionary = gensim.corpora.Dictionary.load('dictionary.gensim')\n",
    "corpus = pickle.load(open('corpus.pkl', 'rb'))\n",
    "# import pyLDAvis.gensim\n",
    "# lda_display = pyLDAvis.gensim.prepare(lda, corpus, dictionary)\n",
    "# pyLDAvis.display(lda_display)"
   ]
  },
  {
   "cell_type": "code",
   "execution_count": 116,
   "metadata": {},
   "outputs": [],
   "source": [
    "def get_topic_no(fullname):\n",
    "    new_doc = pland['comments'][fullname]['body']\n",
    "    cleaned, tokens = clean_text(new_doc, lemmatize=True, stem=False)\n",
    "    tokens = pland_clean(tokens)\n",
    "    bow = dictionary.doc2bow(tokens)\n",
    "    bow_dict = dict()\n",
    "    for key, value in lda.get_document_topics(bow):\n",
    "        bow_dict[key] = value\n",
    "    return first(sort_dict(bow_dict, by_value=True, reverse=True))"
   ]
  },
  {
   "cell_type": "code",
   "execution_count": 142,
   "metadata": {},
   "outputs": [],
   "source": [
    "topic_dict = dict()\n",
    "NUM_TOPICS = 8\n",
    "for i in range(0, NUM_TOPICS):\n",
    "    topic_dict[i] = set()\n",
    "    \n",
    "for fullname in post_replies:\n",
    "    try:\n",
    "        topic_no = get_topic_no(fullname)\n",
    "    except:\n",
    "        topic_no = -1\n",
    "    topic_dict[topic_no].add(fullname)"
   ]
  },
  {
   "cell_type": "code",
   "execution_count": 140,
   "metadata": {},
   "outputs": [],
   "source": [
    "new_doc = pland['comments']['t1_dubovyu']['body']\n",
    "cleaned, tokens = clean_text(new_doc, lemmatize=True, stem=False)\n",
    "tokens = pland_clean(tokens)\n",
    "bow = dictionary.doc2bow(tokens)\n",
    "bow_dict = dict()\n",
    "for key, value in lda.get_document_topics(bow):\n",
    "    bow_dict[key] = value"
   ]
  },
  {
   "cell_type": "code",
   "execution_count": 157,
   "metadata": {},
   "outputs": [],
   "source": [
    "fullname_topic = dict()\n",
    "for i in range(0, NUM_TOPICS):\n",
    "    for fullname in topic_dict[i]:\n",
    "        fullname_topic[fullname] = i"
   ]
  },
  {
   "cell_type": "code",
   "execution_count": 188,
   "metadata": {
    "scrolled": true
   },
   "outputs": [],
   "source": [
    "matrix_count = [[0] * NUM_TOPICS for i in range(NUM_TOPICS)]\n",
    "\n",
    "for i in range(NUM_TOPICS):\n",
    "    for fullname in topic_dict[i]:\n",
    "        children = pland['comments'][fullname]['replies']\n",
    "        if len(children) == 0:\n",
    "            continue\n",
    "        for child in children:\n",
    "            child_no = fullname_topic[child]\n",
    "            matrix_count[i][child_no] += 1"
   ]
  },
  {
   "cell_type": "code",
   "execution_count": 189,
   "metadata": {},
   "outputs": [
    {
     "data": {
      "text/html": [
       "<div>\n",
       "<style scoped>\n",
       "    .dataframe tbody tr th:only-of-type {\n",
       "        vertical-align: middle;\n",
       "    }\n",
       "\n",
       "    .dataframe tbody tr th {\n",
       "        vertical-align: top;\n",
       "    }\n",
       "\n",
       "    .dataframe thead th {\n",
       "        text-align: right;\n",
       "    }\n",
       "</style>\n",
       "<table border=\"1\" class=\"dataframe\">\n",
       "  <thead>\n",
       "    <tr style=\"text-align: right;\">\n",
       "      <th></th>\n",
       "      <th>0</th>\n",
       "      <th>1</th>\n",
       "      <th>2</th>\n",
       "      <th>3</th>\n",
       "      <th>4</th>\n",
       "      <th>5</th>\n",
       "      <th>6</th>\n",
       "      <th>7</th>\n",
       "    </tr>\n",
       "  </thead>\n",
       "  <tbody>\n",
       "    <tr>\n",
       "      <th>0</th>\n",
       "      <td>2862</td>\n",
       "      <td>1548</td>\n",
       "      <td>1262</td>\n",
       "      <td>941</td>\n",
       "      <td>716</td>\n",
       "      <td>1325</td>\n",
       "      <td>673</td>\n",
       "      <td>670</td>\n",
       "    </tr>\n",
       "    <tr>\n",
       "      <th>1</th>\n",
       "      <td>1463</td>\n",
       "      <td>2755</td>\n",
       "      <td>1107</td>\n",
       "      <td>854</td>\n",
       "      <td>608</td>\n",
       "      <td>867</td>\n",
       "      <td>407</td>\n",
       "      <td>727</td>\n",
       "    </tr>\n",
       "    <tr>\n",
       "      <th>2</th>\n",
       "      <td>904</td>\n",
       "      <td>1002</td>\n",
       "      <td>2023</td>\n",
       "      <td>862</td>\n",
       "      <td>560</td>\n",
       "      <td>682</td>\n",
       "      <td>467</td>\n",
       "      <td>519</td>\n",
       "    </tr>\n",
       "    <tr>\n",
       "      <th>3</th>\n",
       "      <td>816</td>\n",
       "      <td>896</td>\n",
       "      <td>889</td>\n",
       "      <td>1513</td>\n",
       "      <td>476</td>\n",
       "      <td>642</td>\n",
       "      <td>308</td>\n",
       "      <td>403</td>\n",
       "    </tr>\n",
       "    <tr>\n",
       "      <th>4</th>\n",
       "      <td>540</td>\n",
       "      <td>500</td>\n",
       "      <td>496</td>\n",
       "      <td>379</td>\n",
       "      <td>645</td>\n",
       "      <td>340</td>\n",
       "      <td>193</td>\n",
       "      <td>260</td>\n",
       "    </tr>\n",
       "    <tr>\n",
       "      <th>5</th>\n",
       "      <td>1137</td>\n",
       "      <td>767</td>\n",
       "      <td>769</td>\n",
       "      <td>620</td>\n",
       "      <td>398</td>\n",
       "      <td>2150</td>\n",
       "      <td>453</td>\n",
       "      <td>316</td>\n",
       "    </tr>\n",
       "    <tr>\n",
       "      <th>6</th>\n",
       "      <td>567</td>\n",
       "      <td>370</td>\n",
       "      <td>457</td>\n",
       "      <td>294</td>\n",
       "      <td>215</td>\n",
       "      <td>512</td>\n",
       "      <td>1111</td>\n",
       "      <td>188</td>\n",
       "    </tr>\n",
       "    <tr>\n",
       "      <th>7</th>\n",
       "      <td>624</td>\n",
       "      <td>862</td>\n",
       "      <td>813</td>\n",
       "      <td>610</td>\n",
       "      <td>545</td>\n",
       "      <td>329</td>\n",
       "      <td>221</td>\n",
       "      <td>1053</td>\n",
       "    </tr>\n",
       "  </tbody>\n",
       "</table>\n",
       "</div>"
      ],
      "text/plain": [
       "      0     1     2     3    4     5     6     7\n",
       "0  2862  1548  1262   941  716  1325   673   670\n",
       "1  1463  2755  1107   854  608   867   407   727\n",
       "2   904  1002  2023   862  560   682   467   519\n",
       "3   816   896   889  1513  476   642   308   403\n",
       "4   540   500   496   379  645   340   193   260\n",
       "5  1137   767   769   620  398  2150   453   316\n",
       "6   567   370   457   294  215   512  1111   188\n",
       "7   624   862   813   610  545   329   221  1053"
      ]
     },
     "execution_count": 189,
     "metadata": {},
     "output_type": "execute_result"
    }
   ],
   "source": [
    "import pandas\n",
    "topic_df = pandas.DataFrame(matrix_count, columns=[\"0\",\"1\",\"2\",\"3\",\"4\",\"5\",\"6\",\"7\"])\n",
    "topic_df"
   ]
  },
  {
   "cell_type": "code",
   "execution_count": 195,
   "metadata": {},
   "outputs": [],
   "source": [
    "matrix_perc = [i[:] for i in matrix_count]\n",
    "for i in range(NUM_TOPICS):\n",
    "    matrix_perc[i] = [k/sum(matrix_count[i]) for k in matrix_perc[i]]\n",
    "topic_perc_df = pandas.DataFrame(matrix_perc, columns=[\"0\",\"1\",\"2\",\"3\",\"4\",\"5\",\"6\",\"7\"])"
   ]
  },
  {
   "cell_type": "code",
   "execution_count": 215,
   "metadata": {},
   "outputs": [
    {
     "data": {
      "text/html": [
       "<script type=\"text/javascript\">window.PlotlyConfig = {MathJaxConfig: 'local'};</script><script type=\"text/javascript\">if (window.MathJax) {MathJax.Hub.Config({SVG: {font: \"STIX-Web\"}});}</script><script>requirejs.config({paths: { 'plotly': ['https://cdn.plot.ly/plotly-latest.min']},});if(!window._Plotly) {require(['plotly'],function(plotly) {window._Plotly=plotly;});}</script>"
      ],
      "text/vnd.plotly.v1+html": [
       "<script type=\"text/javascript\">window.PlotlyConfig = {MathJaxConfig: 'local'};</script><script type=\"text/javascript\">if (window.MathJax) {MathJax.Hub.Config({SVG: {font: \"STIX-Web\"}});}</script><script>requirejs.config({paths: { 'plotly': ['https://cdn.plot.ly/plotly-latest.min']},});if(!window._Plotly) {require(['plotly'],function(plotly) {window._Plotly=plotly;});}</script>"
      ]
     },
     "metadata": {},
     "output_type": "display_data"
    },
    {
     "data": {
      "application/vnd.plotly.v1+json": {
       "config": {
        "linkText": "Export to plot.ly",
        "plotlyServerURL": "https://plot.ly",
        "showLink": false
       },
       "data": [
        {
         "type": "heatmap",
         "uid": "cc8b2370-a199-4496-8391-ef5818800830",
         "x": [
          "0",
          "1",
          "2",
          "3",
          "4",
          "5",
          "6",
          "7"
         ],
         "y": [
          "0",
          "1",
          "2",
          "3",
          "4",
          "5",
          "6",
          "7"
         ],
         "z": [
          [
           0.2862858857657297,
           0.15484645393618085,
           0.12623787136140843,
           0.09412823847154146,
           0.07162148644593377,
           0.13253976192857858,
           0.06732019605881764,
           0.06702010603180954
          ],
          [
           0.1664770141101502,
           0.3134956759217114,
           0.12596722803823396,
           0.09717796995903505,
           0.06918525261720528,
           0.09865725989986344,
           0.046313154301319985,
           0.08272644515248065
          ],
          [
           0.12879327539535546,
           0.14275537825901125,
           0.2882176948283231,
           0.12280951702521727,
           0.07978344493517595,
           0.09716483829605357,
           0.06653369425844137,
           0.073942157002422
          ],
          [
           0.13730439172135286,
           0.15076560659599528,
           0.14958775029446408,
           0.2545852263166751,
           0.0800942285041225,
           0.10802624936900555,
           0.05182567726737338,
           0.06781086993101128
          ],
          [
           0.16104980614375186,
           0.14912019087384432,
           0.14792722934685357,
           0.113033104682374,
           0.19236504622725917,
           0.10140172979421413,
           0.05756039367730391,
           0.07754249925439904
          ],
          [
           0.17201210287443267,
           0.11603630862329803,
           0.11633888048411498,
           0.09379727685325265,
           0.06021180030257186,
           0.32526475037821484,
           0.06853252647503782,
           0.04780635400907716
          ],
          [
           0.15266558966074315,
           0.0996230479267636,
           0.1230479267635972,
           0.0791599353796446,
           0.05788906838987615,
           0.13785675821217017,
           0.2991383952611739,
           0.05061927840603123
          ],
          [
           0.12339331619537275,
           0.1704567925647617,
           0.16076725331224045,
           0.12062487640893811,
           0.10777140597192011,
           0.06505833498121416,
           0.043701799485861184,
           0.20822622107969152
          ]
         ]
        }
       ],
       "layout": {}
      },
      "text/html": [
       "<div id=\"75bf8864-5aad-4b9c-8f17-c107b5fbf601\" style=\"height: 525px; width: 100%;\" class=\"plotly-graph-div\"></div><script type=\"text/javascript\">require([\"plotly\"], function(Plotly) { window.PLOTLYENV=window.PLOTLYENV || {};window.PLOTLYENV.BASE_URL=\"https://plot.ly\";Plotly.newPlot(\"75bf8864-5aad-4b9c-8f17-c107b5fbf601\", [{\"x\": [\"0\", \"1\", \"2\", \"3\", \"4\", \"5\", \"6\", \"7\"], \"y\": [\"0\", \"1\", \"2\", \"3\", \"4\", \"5\", \"6\", \"7\"], \"z\": [[0.2862858857657297, 0.15484645393618085, 0.12623787136140843, 0.09412823847154146, 0.07162148644593377, 0.13253976192857858, 0.06732019605881764, 0.06702010603180954], [0.1664770141101502, 0.3134956759217114, 0.12596722803823396, 0.09717796995903505, 0.06918525261720528, 0.09865725989986344, 0.046313154301319985, 0.08272644515248065], [0.12879327539535546, 0.14275537825901125, 0.2882176948283231, 0.12280951702521727, 0.07978344493517595, 0.09716483829605357, 0.06653369425844137, 0.073942157002422], [0.13730439172135286, 0.15076560659599528, 0.14958775029446408, 0.2545852263166751, 0.0800942285041225, 0.10802624936900555, 0.05182567726737338, 0.06781086993101128], [0.16104980614375186, 0.14912019087384432, 0.14792722934685357, 0.113033104682374, 0.19236504622725917, 0.10140172979421413, 0.05756039367730391, 0.07754249925439904], [0.17201210287443267, 0.11603630862329803, 0.11633888048411498, 0.09379727685325265, 0.06021180030257186, 0.32526475037821484, 0.06853252647503782, 0.04780635400907716], [0.15266558966074315, 0.0996230479267636, 0.1230479267635972, 0.0791599353796446, 0.05788906838987615, 0.13785675821217017, 0.2991383952611739, 0.05061927840603123], [0.12339331619537275, 0.1704567925647617, 0.16076725331224045, 0.12062487640893811, 0.10777140597192011, 0.06505833498121416, 0.043701799485861184, 0.20822622107969152]], \"type\": \"heatmap\", \"uid\": \"ac691af1-6e22-4e4c-9805-d87fd3cd2dc2\"}], {}, {\"showLink\": false, \"linkText\": \"Export to plot.ly\", \"plotlyServerURL\": \"https://plot.ly\"})});</script><script type=\"text/javascript\">window.addEventListener(\"resize\", function(){window._Plotly.Plots.resize(document.getElementById(\"75bf8864-5aad-4b9c-8f17-c107b5fbf601\"));});</script>"
      ],
      "text/vnd.plotly.v1+html": [
       "<div id=\"75bf8864-5aad-4b9c-8f17-c107b5fbf601\" style=\"height: 525px; width: 100%;\" class=\"plotly-graph-div\"></div><script type=\"text/javascript\">require([\"plotly\"], function(Plotly) { window.PLOTLYENV=window.PLOTLYENV || {};window.PLOTLYENV.BASE_URL=\"https://plot.ly\";Plotly.newPlot(\"75bf8864-5aad-4b9c-8f17-c107b5fbf601\", [{\"x\": [\"0\", \"1\", \"2\", \"3\", \"4\", \"5\", \"6\", \"7\"], \"y\": [\"0\", \"1\", \"2\", \"3\", \"4\", \"5\", \"6\", \"7\"], \"z\": [[0.2862858857657297, 0.15484645393618085, 0.12623787136140843, 0.09412823847154146, 0.07162148644593377, 0.13253976192857858, 0.06732019605881764, 0.06702010603180954], [0.1664770141101502, 0.3134956759217114, 0.12596722803823396, 0.09717796995903505, 0.06918525261720528, 0.09865725989986344, 0.046313154301319985, 0.08272644515248065], [0.12879327539535546, 0.14275537825901125, 0.2882176948283231, 0.12280951702521727, 0.07978344493517595, 0.09716483829605357, 0.06653369425844137, 0.073942157002422], [0.13730439172135286, 0.15076560659599528, 0.14958775029446408, 0.2545852263166751, 0.0800942285041225, 0.10802624936900555, 0.05182567726737338, 0.06781086993101128], [0.16104980614375186, 0.14912019087384432, 0.14792722934685357, 0.113033104682374, 0.19236504622725917, 0.10140172979421413, 0.05756039367730391, 0.07754249925439904], [0.17201210287443267, 0.11603630862329803, 0.11633888048411498, 0.09379727685325265, 0.06021180030257186, 0.32526475037821484, 0.06853252647503782, 0.04780635400907716], [0.15266558966074315, 0.0996230479267636, 0.1230479267635972, 0.0791599353796446, 0.05788906838987615, 0.13785675821217017, 0.2991383952611739, 0.05061927840603123], [0.12339331619537275, 0.1704567925647617, 0.16076725331224045, 0.12062487640893811, 0.10777140597192011, 0.06505833498121416, 0.043701799485861184, 0.20822622107969152]], \"type\": \"heatmap\", \"uid\": \"ac691af1-6e22-4e4c-9805-d87fd3cd2dc2\"}], {}, {\"showLink\": false, \"linkText\": \"Export to plot.ly\", \"plotlyServerURL\": \"https://plot.ly\"})});</script><script type=\"text/javascript\">window.addEventListener(\"resize\", function(){window._Plotly.Plots.resize(document.getElementById(\"75bf8864-5aad-4b9c-8f17-c107b5fbf601\"));});</script>"
      ]
     },
     "metadata": {},
     "output_type": "display_data"
    }
   ],
   "source": [
    "import plotly.offline as py\n",
    "import plotly.graph_objs as go\n",
    "plotly.offline.init_notebook_mode(connected=True)\n",
    "\n",
    "trace = go.Heatmap(z=matrix_perc,\n",
    "                   x=[\"0\",\"1\",\"2\",\"3\",\"4\",\"5\",\"6\",\"7\"],\n",
    "                   y=[\"0\",\"1\",\"2\",\"3\",\"4\",\"5\",\"6\",\"7\"])\n",
    "data=[trace]\n",
    "py.iplot(data, filename='labelled-heatmap')"
   ]
  },
  {
   "cell_type": "code",
   "execution_count": 217,
   "metadata": {
    "collapsed": true
   },
   "outputs": [
    {
     "name": "stderr",
     "output_type": "stream",
     "text": [
      "/usr/local/lib/python3.7/site-packages/pyLDAvis/_prepare.py:257: FutureWarning:\n",
      "\n",
      "Sorting because non-concatenation axis is not aligned. A future version\n",
      "of pandas will change to not sort by default.\n",
      "\n",
      "To accept the future behavior, pass 'sort=False'.\n",
      "\n",
      "To retain the current behavior and silence the warning, pass 'sort=True'.\n",
      "\n",
      "\n"
     ]
    },
    {
     "data": {
      "text/html": [
       "\n",
       "<link rel=\"stylesheet\" type=\"text/css\" href=\"https://cdn.rawgit.com/bmabey/pyLDAvis/files/ldavis.v1.0.0.css\">\n",
       "\n",
       "\n",
       "<div id=\"ldavis_el584355643639208776001122\"></div>\n",
       "<script type=\"text/javascript\">\n",
       "\n",
